


                    BOSS Z-Matrix                 

              Results Summary for Scanning Dihedral Angle    7

             Phi,          Dipole,         E(Phi),         Delta E
             0.000,        1.33994,       -1.12586,        0.00000
            10.000,        1.35111,       -0.95278,        0.17307
            20.000,        1.38446,       -0.43693,        0.68893
            30.000,        1.43940,        0.41129,        1.53715
            40.000,        1.51469,        1.57285,        2.69871
            50.000,        1.60807,        3.01627,        4.14213
            60.000,        1.71642,        4.69218,        5.81804
            70.000,        1.83529,        6.53161,        7.65747
            80.000,        1.95997,        8.45118,        9.57704
            90.000,        2.08462,       10.34874,       11.47460
           100.000,        2.19866,       12.08296,       13.20882
           110.000,        2.24869,       13.41694,       14.54280
           120.000,        1.79098,        5.66375,        6.78961
           130.000,        1.74440,        4.26808,        5.39394
           140.000,        1.69683,        3.02997,        4.15583
           150.000,        1.65332,        2.00335,        3.12921
           160.000,        1.61845,        1.23417,        2.36003
           170.000,        1.59596,        0.75776,        1.88362
           180.000,        1.58817,        0.59642,        1.72228
           190.000,        1.59594,        0.75776,        1.88362
           200.000,        1.61847,        1.23417,        2.36003
           210.000,        1.65333,        2.00335,        3.12921
           220.000,        1.69682,        3.02997,        4.15583
           230.000,        1.74439,        4.26808,        5.39394
           240.000,        1.79108,        5.66375,        6.78961
           250.000,        1.83165,        7.15679,        8.28264
           260.000,        1.86073,        8.67891,        9.80477
           270.000,        1.87017,       10.14343,       11.26929
           280.000,        1.84181,       11.41615,       12.54201
           290.000,        1.83535,        6.53161,        7.65747
           300.000,        1.71642,        4.69218,        5.81804
           310.000,        1.60812,        3.01627,        4.14213
           320.000,        1.51469,        1.57285,        2.69871
           330.000,        1.43943,        0.41129,        1.53715
           340.000,        1.38446,       -0.43693,        0.68893
           350.000,        1.35113,       -0.95278,        0.17307
           360.000,        1.33994,       -1.12586,        0.00000
