BOSS Z-Matrix                                               Tot. E =      7.8545
   1 X     -1    0    0    0.000000   0    0.000000   0    0.000000        0
   2 X     -1    0    1    1.000000   0    0.000000   0    0.000000        0
   3 C    800  800    2    1.000000   1   90.000000   0    0.000000        0
   4 C    801  801    3    1.508547   2  144.317490   1 -179.957600        0
   5 N    802  802    3    1.375734   2   23.601204   4   -0.108900        0
   6 C    803  803    3    1.368608   4  132.903739   5  180.003816        0
   7 C    804  804    4    1.525692   3  115.443966   5  146.605879        0
   8 C    805  805    4    1.525695   3  115.438763   7   66.793431        0
   9 H    806  806    4    1.088819   3  115.277943   5    0.391212        0
  10 H    807  807    7    1.088952   4  117.751369   3  357.464339        0
  11 H    808  808    7    1.088270   4  117.501539  10  216.545073        0
  12 H    809  809    8    1.088270   4  117.500746   3  145.977105        0
  13 H    810  810    8    1.088952   4  117.752949  12  216.544093        0
  14 C    811  811    5    1.379022   3  111.027038   4  179.995233        0
  15 H    812  812    5    1.010126   3  124.442237  14  180.008290        0
  16 C    813  813   14    1.366202   5  106.643459   3    0.010065        0
  17 H    814  814   14    1.082120   5  121.950278  16  179.994028        0
  18 H    815  815   16    1.080886  14  125.272446   5  179.995094        0
  19 H    816  816    6    1.080367   3  125.087985   4  359.999028        0
                    Geometry Variations follow    (2I4,F12.6)                   
                    Variable Bonds follow         (I4)                          
0004-0019                                                                       
                    Additional Bonds follow       (2I4)                         
  16   6                                                                        
   7   8                                                                        
                    Harmonic Constraints follow   (2I4,4F10.4)                  
                    Variable Bond Angles follow   (I4)                          
0005-0019                                                                       
                    Additional Bond Angles follow (3I4)                         
AUTO                                                                            
                    Variable Dihedrals follow     (3I4,F12.6)                   
0006-0008
0010-0019                                                                       
                    Additional Dihedrals follow   (6I4)                         
0009000400030005  -1  -1
AUTO                                                                            
                    Domain Definitions follow     (4I4)                         
                    Conformational Search (2I4,2F12.6)                          
                    Local Heating Residues follow (I4 or I4-I4)                 
                    Final blank line                                            
                                                                                
 Final Non-Bonded Parameters for QM (AM1 CM1Ax1.14) Atoms:                      
                                                                                
 800  6 CW   0.031865  3.550000  0.070000                                       
 801  6 CY  -0.126843  3.550000  0.070000                                       
 802  7 NA  -0.552056  3.250000  0.170000                                       
 803  6 CS  -0.221483  3.550000  0.070000                                       
 804  6 CY  -0.228456  3.550000  0.070000                                       
 805  6 CY  -0.228434  3.550000  0.070000                                       
 806  1 HC   0.141507  2.500000  0.030000                                       
 807  1 HC   0.130828  2.500000  0.030000                                       
 808  1 HC   0.130828  2.500000  0.030000                                       
 809  1 HC   0.130820  2.500000  0.030000                                       
 810  1 HC   0.130820  2.500000  0.030000                                       
 811  6 CW  -0.066130  3.550000  0.070000                                       
 812  1 H    0.421058  0.000000  0.000000                                       
 813  6 CS  -0.216803  3.550000  0.070000                                       
 814  1 HA   0.188263  2.420000  0.030000                                       
 815  1 HA   0.168009  2.420000  0.030000                                       
 816  1 HA   0.166208  2.420000  0.030000                                       
                                                                                
