             0.000	1.62046	1.48737	1.59740
            10.000	1.62901	1.47690	1.58694
            20.000	1.65604	1.42135	1.53138
            30.000	1.70097	1.25688	1.36691
            40.000	1.75061	0.94969	1.05973
            50.000	1.79111	0.56850	0.67854
            60.000	1.82131	0.21763	0.32767
            70.000	1.84369	-0.02452	0.08552
            80.000	1.86014	-0.10997	0.00007
            90.000	1.87229	-0.01779	0.09225
           100.000	1.88309	0.24512	0.35516
           110.000	1.89641	0.64333	0.75337
           120.000	1.91651	1.11533	1.22537
           130.000	1.94665	1.57654	1.68658
           140.000	1.98754	1.92098	2.03102
           150.000	2.03067	2.04266	2.15270
           160.000	2.05902	1.93658	2.04662
           170.000	2.07006	1.76021	1.87024
           180.000	2.07248	1.68089	1.79092
           190.000	2.07007	1.76022	1.87025
           200.000	2.05903	1.93660	2.04663
           210.000	2.03067	2.04267	2.15271
           220.000	1.98755	1.92098	2.03102
           230.000	1.94669	1.57652	1.68656
           240.000	1.91648	1.11529	1.22533
           250.000	1.89645	0.64328	0.75332
           260.000	1.88320	0.24506	0.35510
           270.000	1.87232	-0.01785	0.09218
           280.000	1.86015	-0.11004	0.00000
           290.000	1.84372	-0.02458	0.08546
           300.000	1.82135	0.21757	0.32761
           310.000	1.79108	0.56845	0.67848
           320.000	1.75064	0.94964	1.05968
           330.000	1.70102	1.25684	1.36687
           340.000	1.65605	1.42132	1.53135
           350.000	1.62902	1.47689	1.58692
           360.000	1.62042	1.48737	1.59740
