


                    BOSS Z-Matrix                 

              Results Summary for Scanning Dihedral Angle   15

             Phi,          Dipole,         E(Phi),         Delta E
             0.000,        1.56392,        3.82663,        1.68156
            10.000,        1.57370,        4.10829,        1.96321
            20.000,        1.60134,        4.96262,        2.81754
            30.000,        1.64268,        6.38222,        4.23715
            40.000,        1.69278,        8.29579,        6.15071
            50.000,        1.74602,       10.55966,        8.41459
            60.000,        1.79453,       12.97084,       10.82576
            70.000,        1.82415,       15.27320,       13.12812
            80.000,        1.79050,       17.09703,       14.95195
            90.000,        1.54470,       17.48709,       15.34201
           100.000,        1.46606,       16.12800,       13.98292
           110.000,        1.48131,       14.07181,       11.92674
           120.000,        1.52069,       11.70903,        9.56395
           130.000,        1.56565,        9.27620,        7.13112
           140.000,        1.60807,        6.97379,        4.82871
           150.000,        1.64370,        4.97963,        2.83455
           160.000,        1.67023,        3.44289,        1.29781
           170.000,        1.68648,        2.47525,        0.33017
           180.000,        1.69191,        2.14508,        0.00000
           190.000,        1.68645,        2.47525,        0.33017
           200.000,        1.67023,        3.44289,        1.29781
           210.000,        1.64370,        4.97963,        2.83455
           220.000,        1.60806,        6.97379,        4.82871
           230.000,        1.56563,        9.27620,        7.13112
           240.000,        1.52069,       11.70903,        9.56395
           250.000,        1.48130,       14.07181,       11.92674
           260.000,        1.46610,       16.12800,       13.98292
           270.000,        1.54447,       17.48709,       15.34201
           280.000,        1.79051,       17.09703,       14.95195
           290.000,        1.82415,       15.27320,       13.12812
           300.000,        1.79454,       12.97084,       10.82576
           310.000,        1.74602,       10.55966,        8.41459
           320.000,        1.69278,        8.29579,        6.15071
           330.000,        1.64263,        6.38222,        4.23715
           340.000,        1.60134,        4.96262,        2.81754
           350.000,        1.57369,        4.10829,        1.96321
           360.000,        1.56390,        3.82663,        1.68156
