BOSS Z-Matrix                                               Tot. E =      3.9820
   1 X     -1    0    0    0.000000   0    0.000000   0    0.000000        0
   2 X     -1    0    1    1.000000   0    0.000000   0    0.000000        0
   3 C    800  800    2    1.000000   1   90.000000   0    0.000000        0
   4 C    801  801    3    1.419195   2   90.000000   1    0.000000        0
   5 C    802  802    3    1.445887   2  145.381101   4 -179.917880        0
   6 N    803  803    3    1.353022   4  120.475041   5  180.000635        0
   7 C    804  804    4    1.409171   3  119.655874   5  179.997274        0
   8 H    805  805    4    1.077501   3  122.060225   7  180.002380        0
   9 C    806  806    7    1.405894   4  118.938087   3    0.003420        0
  10 H    807  807    7    1.080145   4  120.478712   9  179.997742        0
  11 C    808  808    9    1.406161   7  117.940306   4  359.997433        0
  12 H    809  809    9    1.080451   7  121.158965  11  180.001241        0
  13 H    810  810   11    1.080588   9  120.756194   7  180.000929        0
  14 C    811  811    5    1.346790   3  121.952938   6  180.001023        0
  15 H    812  812    5    1.081382   3  120.340299   6    0.000036        0
  16 H    813  813   14    1.077279   5  124.243851   3    0.000092        0
  17 H    814  814   14    1.080001   5  119.558323  16  179.999921        0
                    Geometry Variations follow    (2I4,F12.6)                   
                    Variable Bonds follow         (I4)                          
0004-0017                                                                       
                    Additional Bonds follow       (2I4)                         
  11   6                                                                        
                    Harmonic Constraints follow   (2I4,4F10.4)                  
                    Variable Bond Angles follow   (I4)                          
0005-0017                                                                       
                    Additional Bond Angles follow (3I4)                         
AUTO                                                                            
                    Variable Dihedrals follow     (3I4,F12.6)                   
0006-0014
0016-0017                                                                      
                    Additional Dihedrals follow   (6I4)                         
0015000500030006  -1  -1
AUTO                                                                            
                    Domain Definitions follow     (4I4)                         
                    Conformational Search (2I4,2F12.6)                          
                    Local Heating Residues follow (I4 or I4-I4)                 
                    Final blank line                                            
                                                                                
 Final Non-Bonded Parameters for QM (AM1 CM1Ax1.14) Atoms:                      
                                                                                
 800  6 CA   0.120086  3.550000  0.070000                                       
 801  6 CA  -0.193000  3.550000  0.070000                                       
 802  6 C=  -0.128131  3.550000  0.070000                                       
 803  7 NC  -0.371990  3.250000  0.170000                                       
 804  6 CA  -0.102140  3.550000  0.070000                                       
 805  1 HA   0.160054  2.420000  0.030000                                       
 806  6 CA  -0.207621  3.550000  0.070000                                       
 807  1 HA   0.156685  2.420000  0.030000                                       
 808  6 CA   0.026090  3.550000  0.070000                                       
 809  1 HA   0.162904  2.420000  0.030000                                       
 810  1 HA   0.180580  2.420000  0.030000                                       
 811  6 CM  -0.230434  3.550000  0.076000                                       
 812  1 HC   0.168307  2.500000  0.030000                                       
 813  1 HC   0.129305  2.500000  0.030000                                       
 814  1 HC   0.129305  2.500000  0.030000                                       
                                                                                
