0.000 3.20477
10.000 3.07673
20.000 2.71038
30.000 2.15874
40.000 1.50710
50.000 0.86370
60.000 0.34198
70.000 0.03661
80.000 0.00000
90.000 0.22679
100.000 0.65349
110.000 1.17632
120.000 1.68367
130.000 2.08997
140.000 2.35171
150.000 2.46465
160.000 2.46684
170.000 2.42682
180.000 2.40551
190.000 2.42682
200.000 2.46684
210.000 2.46465
220.000 2.35171
230.000 2.08998
240.000 1.68367
250.000 1.17632
260.000 0.65349
270.000 0.22679
280.000 0.00000
290.000 0.03661
300.000 0.34198
310.000 0.86370
320.000 1.50710
330.000 2.15874
340.000 2.71038
350.000 3.07673
360.000 3.20477
