             0.000	1.56392	3.04163	0.89656
            10.000	1.56905	2.96840	0.82333
            20.000	1.58369	2.89375	0.74867
            30.000	1.60554	3.01890	0.87382
            40.000	1.63129	3.42782	1.28274
            50.000	1.65693	4.10226	1.95718
            60.000	1.67792	4.95229	2.80721
            70.000	1.68866	5.83689	3.69181
            80.000	1.68262	6.57968	4.43460
            90.000	1.65828	6.99663	4.85155
           100.000	1.63116	6.96824	4.82316
           110.000	1.62038	6.51609	4.37101
           120.000	1.62698	5.76695	3.62187
           130.000	1.64282	4.87513	2.73006
           140.000	1.66043	3.98418	1.83911
           150.000	1.67519	3.20844	1.06336
           160.000	1.68510	2.62302	0.47795
           170.000	1.69034	2.26487	0.11980
           180.000	1.69191	2.14508	0.00000
           190.000	1.69033	2.26487	0.11980
           200.000	1.68509	2.62302	0.47795
           210.000	1.67515	3.20844	1.06336
           220.000	1.66043	3.98418	1.83911
           230.000	1.64285	4.87513	2.73006
           240.000	1.62699	5.76695	3.62187
           250.000	1.62036	6.51609	4.37101
           260.000	1.63115	6.96824	4.82316
           270.000	1.65829	6.99663	4.85155
           280.000	1.68261	6.57968	4.43460
           290.000	1.68866	5.83689	3.69181
           300.000	1.67791	4.95229	2.80721
           310.000	1.65693	4.10226	1.95718
           320.000	1.63129	3.42782	1.28274
           330.000	1.60553	3.01890	0.87382
           340.000	1.58367	2.89375	0.74867
           350.000	1.56904	2.96840	0.82333
           360.000	1.56389	3.04163	0.89656
