


                    BOSS Z-Matrix                 

              Results Summary for Scanning Dihedral Angle    7

             Phi,          Dipole,         E(Phi),         Delta E
             0.000,        1.30447,       -4.53173,        0.61760
            10.000,        1.30483,       -4.53545,        0.61387
            20.000,        1.28074,       -4.56317,        0.58615
            30.000,        1.31839,       -4.80509,        0.34423
            40.000,        1.31376,       -5.06092,        0.08840
            50.000,        1.29876,       -5.14932,        0.00000
            60.000,        1.29108,       -5.03023,        0.11909
            70.000,        1.29715,       -4.74714,        0.40218
            80.000,        1.31760,       -4.38983,        0.75950
            90.000,        1.34860,       -4.06101,        1.08831
           100.000,        1.39511,       -3.86008,        1.28924
           110.000,        1.47464,       -3.87780,        1.27152
           120.000,        1.53826,       -4.07893,        1.07040
           130.000,        1.57106,       -4.32829,        0.82104
           140.000,        1.58569,       -4.50633,        0.64299
           150.000,        1.59556,       -4.55476,        0.59456
           160.000,        1.60741,       -4.48807,        0.66125
           170.000,        1.61956,       -4.38086,        0.76846
           180.000,        1.62500,       -4.32934,        0.81998
           190.000,        1.61961,       -4.38086,        0.76847
           200.000,        1.60748,       -4.48807,        0.66126
           210.000,        1.59559,       -4.55475,        0.59458
           220.000,        1.58544,       -4.50634,        0.64299
           230.000,        1.57106,       -4.32829,        0.82104
           240.000,        1.53826,       -4.07893,        1.07040
           250.000,        1.47464,       -3.87780,        1.27152
           260.000,        1.39511,       -3.86009,        1.28924
           270.000,        1.34862,       -4.06102,        1.08830
           280.000,        1.31743,       -4.38982,        0.75951
           290.000,        1.29720,       -4.74713,        0.40220
           300.000,        1.29103,       -5.03023,        0.11910
           310.000,        1.29874,       -5.14932,        0.00000
           320.000,        1.31384,       -5.06092,        0.08840
           330.000,        1.31828,       -4.80510,        0.34423
           340.000,        1.28067,       -4.56317,        0.58615
           350.000,        1.30483,       -4.53546,        0.61387
           360.000,        1.30447,       -4.53173,        0.61760
