0.000 0.00000
10.000 0.31936
20.000 1.25250
30.000 2.72714
40.000 4.63029
50.000 6.81685
60.000 9.11766
70.000 11.34519
80.000 13.29129
90.000 14.67602
100.000 13.61997
110.000 12.15058
120.000 10.37296
130.000 8.44568
140.000 6.54089
150.000 4.83399
160.000 3.48464
170.000 2.62018
180.000 2.32259
190.000 2.62018
200.000 3.48465
210.000 4.83399
220.000 6.54089
230.000 8.44568
240.000 10.37296
250.000 12.15058
260.000 13.61996
270.000 14.59461
280.000 13.29131
290.000 11.34519
300.000 9.11766
310.000 6.81685
320.000 4.63029
330.000 2.72714
340.000 1.25250
350.000 0.31936
360.000 0.00000
