             0.000	0.86701	-3.69299	0.00000
            10.000	0.86565	-3.37363	0.31936
            20.000	0.86302	-2.44049	1.25250
            30.000	0.86321	-0.96585	2.72714
            40.000	0.87391	0.93730	4.63029
            50.000	0.90597	3.12386	6.81685
            60.000	0.97299	5.42467	9.11766
            70.000	1.09002	7.65220	11.34519
            80.000	1.27691	9.59830	13.29129
            90.000	1.64576	10.98303	14.67602
           100.000	2.65848	9.92698	13.61997
           110.000	2.72411	8.45759	12.15058
           120.000	2.75773	6.67997	10.37296
           130.000	2.77365	4.75268	8.44568
           140.000	2.77819	2.84790	6.54089
           150.000	2.77660	1.14100	4.83399
           160.000	2.77277	-0.20835	3.48464
           170.000	2.76939	-1.07281	2.62018
           180.000	2.76804	-1.37040	2.32259
           190.000	2.76939	-1.07281	2.62018
           200.000	2.77278	-0.20835	3.48465
           210.000	2.77667	1.14100	4.83399
           220.000	2.77820	2.84790	6.54089
           230.000	2.77354	4.75269	8.44568
           240.000	2.75759	6.67997	10.37296
           250.000	2.72405	8.45759	12.15058
           260.000	2.65843	9.92697	13.61996
           270.000	2.49119	10.90162	14.59461
           280.000	1.27816	9.59831	13.29131
           290.000	1.08996	7.65220	11.34519
           300.000	0.97308	5.42467	9.11766
           310.000	0.90597	3.12386	6.81685
           320.000	0.87395	0.93730	4.63029
           330.000	0.86326	-0.96585	2.72714
           340.000	0.86307	-2.44049	1.25250
           350.000	0.86571	-3.37363	0.31936
           360.000	0.86701	-3.69299	0.00000
