


                    BOSS Z-Matrix                 

              Results Summary for Scanning Dihedral Angle    9

             Phi,          Dipole,         E(Phi),         Delta E
             0.000,        1.58596,       12.16807,        1.65373
            10.000,        1.58559,       12.45562,        1.94127
            20.000,        1.58480,       13.31663,        2.80229
            30.000,        1.58476,       14.74456,        4.23022
            40.000,        1.58781,       16.72208,        6.20774
            50.000,        1.59780,       19.20936,        8.69502
            60.000,        1.62207,       22.12163,       11.60729
            70.000,        1.67011,       25.28889,       14.77454
            80.000,        1.74094,       28.41548,       17.90114
            90.000,        1.80932,       31.08574,       20.57140
           100.000,        2.10595,       28.33488,       17.82054
           110.000,        2.13750,       25.24492,       14.73058
           120.000,        2.15446,       22.09367,       11.57933
           130.000,        2.15581,       19.01377,        8.49943
           140.000,        2.14246,       16.18673,        5.67239
           150.000,        2.12222,       13.80250,        3.28816
           160.000,        2.10275,       12.00574,        1.49140
           170.000,        2.08917,       10.89162,        0.37728
           180.000,        2.08433,       10.51434,        0.00000
           190.000,        2.08917,       10.89162,        0.37728
           200.000,        2.10276,       12.00574,        1.49140
           210.000,        2.12223,       13.80251,        3.28817
           220.000,        2.14248,       16.18673,        5.67239
           230.000,        2.15581,       19.01377,        8.49942
           240.000,        2.15448,       22.09366,       11.57932
           250.000,        2.13747,       25.24488,       14.73054
           260.000,        2.10592,       28.33483,       17.82049
           270.000,        2.03666,       31.15304,       20.63870
           280.000,        1.74096,       28.41540,       17.90106
           290.000,        1.67011,       25.28882,       14.77448
           300.000,        1.62219,       22.12157,       11.60723
           310.000,        1.59786,       19.20931,        8.69497
           320.000,        1.58779,       16.72204,        6.20770
           330.000,        1.58477,       14.74453,        4.23019
           340.000,        1.58481,       13.31662,        2.80228
           350.000,        1.58558,       12.45561,        1.94127
           360.000,        1.58598,       12.16807,        1.65373
